<?xml version="1.0"?>
<opencv_storage>
<calibration_time>"Wed Oct 26 13:19:44 2016"</calibration_time>
<nr_of_frames>25</nr_of_frames>
<image_width>640</image_width>
<image_height>480</image_height>
<board_width>9</board_width>
<board_height>6</board_height>
<square_size>2.3329999923706055e+01</square_size>
<fix_aspect_ratio>1.</fix_aspect_ratio>
<!-- flags: +fix_aspectRatio +fix_principal_point +zero_tangent_dist -->
<flags>6158</flags>
<fisheye_model>0</fisheye_model>
<camera_matrix type_id="opencv-matrix">
  <rows>3</rows>
  <cols>3</cols>
  <dt>d</dt>
  <data>
    8.3357456450688449e+02 0. 320. 0. 8.3357456450688449e+02 240. 0. 0.
    1.</data></camera_matrix>
<distortion_coefficients type_id="opencv-matrix">
  <rows>5</rows>
  <cols>1</cols>
  <dt>d</dt>
  <data>
    -5.5846299826441979e-02 -2.8165889876837996e-01 0. 0.
    1.2555299136165037e+00</data></distortion_coefficients>
<avg_reprojection_error>2.2810755748976502e-01</avg_reprojection_error>
<per_view_reprojection_errors type_id="opencv-matrix">
  <rows>25</rows>
  <cols>1</cols>
  <dt>f</dt>
  <data>
    2.06440583e-01 2.38995954e-01 2.02950895e-01 2.21982285e-01
    2.14158982e-01 2.21004739e-01 2.12837934e-01 2.22228602e-01
    2.31869325e-01 2.26836592e-01 2.31133938e-01 2.07213745e-01
    2.53576547e-01 2.38216653e-01 2.25267187e-01 2.19415218e-01
    2.56413758e-01 2.44081512e-01 2.41979927e-01 2.30449259e-01
    2.38635540e-01 2.34156638e-01 2.27868348e-01 2.21919850e-01
    2.23120853e-01</data></per_view_reprojection_errors>
<extrinsic_parameters type_id="opencv-matrix">
  <rows>25</rows>
  <cols>6</cols>
  <dt>d</dt>
  <data>
    -1.1861042554179853e-01 6.9084750318388954e-02
    1.9440910285582516e-01 -1.3876992417902741e+02
    -1.3965602523591022e+02 5.1722243139092564e+02
    -1.3639710296056481e-01 7.9393541618041699e-02
    2.1332219574070055e-01 -1.2536331371362266e+02
    -1.3686427939985126e+02 5.2992149796126307e+02
    -1.3400161983836542e-01 8.8114418111715290e-02
    2.2538982288572021e-01 -1.1739621011192922e+02
    -1.3857735229549189e+02 5.2946187318367924e+02
    -1.3690310105878548e-01 8.7913577980854155e-02
    2.3092163361974855e-01 -1.1639765931244568e+02
    -1.4133811161607906e+02 5.2780650624048383e+02
    -1.3954843897676278e-01 9.5330616305988033e-02
    2.3454203866771586e-01 -1.1100045811917093e+02
    -1.3955322359379178e+02 5.2970099618691142e+02
    -1.3791824803980132e-01 9.3551693516585405e-02
    2.3296140833877707e-01 -1.1176600159410785e+02
    -1.3918255169274062e+02 5.2932681767357121e+02
    -1.3766703106091868e-01 9.2567886376791350e-02
    2.3418161350496650e-01 -1.1226442802059466e+02
    -1.3953374343598529e+02 5.2874345034128930e+02
    -1.3848051709681941e-01 8.9843105486192662e-02
    2.3425766139026533e-01 -1.1254107339422301e+02
    -1.3925794818009538e+02 5.2843180001655014e+02
    -1.3746235149481564e-01 8.9052667570074337e-02
    2.3502239362049832e-01 -1.1231932707075001e+02
    -1.4010187386057564e+02 5.2806573322092254e+02
    -1.3468633509785530e-01 9.0549664399683080e-02
    2.3689683687441151e-01 -1.1090159381948597e+02
    -1.4012147695649338e+02 5.2823854258658810e+02
    -1.3635045639572932e-01 9.0486075970429028e-02
    2.3910919075934814e-01 -1.0968379494461396e+02
    -1.4021338117685755e+02 5.2916178405138066e+02
    -1.3464399863219717e-01 9.3942852783774705e-02
    2.3918154194392199e-01 -1.0940152652506899e+02
    -1.4064721155824788e+02 5.2867079249422136e+02
    -1.3928785869013618e-01 9.4843307896041562e-02
    2.3909195287180757e-01 -1.0682036047044708e+02
    -1.3991630895792244e+02 5.3035472297414253e+02
    -1.3825290007742724e-01 9.4848896393494614e-02
    2.3973021649902271e-01 -1.0660592106194687e+02
    -1.3974345258679182e+02 5.3107997624811151e+02
    -1.4670081959731057e-01 9.9375030061847114e-02
    2.4041271539370176e-01 -1.0730010692236478e+02
    -1.3946098185220430e+02 5.3199850605372501e+02
    -1.3938784045491776e-01 9.7984951861047470e-02
    2.4055441339737982e-01 -1.0698288577874547e+02
    -1.3993367482305831e+02 5.3164173042438404e+02
    -1.4353216327258278e-01 9.4200963932651940e-02
    2.4020178884584595e-01 -1.0668386449804323e+02
    -1.3994935460020494e+02 5.3188177902112989e+02
    -1.4204281467222821e-01 9.4415431042763287e-02
    2.4080597713350144e-01 -1.0620849167662961e+02
    -1.4031551184535590e+02 5.3143038286764022e+02
    -1.4283264188354702e-01 9.7099318765904982e-02
    2.4119479116312920e-01 -1.0645672189106973e+02
    -1.4066840789857662e+02 5.3110266363650055e+02
    -1.3849444475898876e-01 9.6998604478296072e-02
    2.4266550908352905e-01 -1.0550547383649133e+02
    -1.4185913476501284e+02 5.3084677673212718e+02
    -1.3565730614857954e-01 9.9312502440870268e-02
    2.4247287844261201e-01 -1.0533427169374795e+02
    -1.4160876741484986e+02 5.3072136947732645e+02
    -1.3543048258574894e-01 9.7736671979607712e-02
    2.4462953356281361e-01 -1.0352639715471119e+02
    -1.4183776510120126e+02 5.3106575810726611e+02
    -1.3880341127912815e-01 9.9450808178670080e-02
    2.4691824829119671e-01 -1.0310591043183621e+02
    -1.4209497318777036e+02 5.3098178015789563e+02
    -1.3652551744971311e-01 1.0002040251010461e-01
    2.4914886563462332e-01 -1.0171797019253732e+02
    -1.4308546974363458e+02 5.3000888528303801e+02
    -1.3094327752681645e-01 9.7802875571529432e-02
    2.4769131099206532e-01 -1.0457220633832223e+02
    -1.4417882404027267e+02 5.2676400003203753e+02</data></extrinsic_parameters>
