<?xml version="1.0"?>
<opencv_storage>
<calibration_time>"Wed Nov  9 12:27:44 2016"</calibration_time>
<nr_of_frames>40</nr_of_frames>
<image_width>640</image_width>
<image_height>480</image_height>
<board_width>9</board_width>
<board_height>6</board_height>
<square_size>2.3329999923706055e+01</square_size>
<fix_aspect_ratio>1.</fix_aspect_ratio>
<!-- flags: +fix_aspectRatio +fix_principal_point +zero_tangent_dist -->
<flags>6158</flags>
<fisheye_model>0</fisheye_model>
<camera_matrix type_id="opencv-matrix">
  <rows>3</rows>
  <cols>3</cols>
  <dt>d</dt>
  <data>
    9.0958804016267527e+02 0. 320. 0. 9.0958804016267527e+02 240. 0. 0.
    1.</data></camera_matrix>
<distortion_coefficients type_id="opencv-matrix">
  <rows>5</rows>
  <cols>1</cols>
  <dt>d</dt>
  <data>
    -1.3487717083686973e-01 1.5958181278239421e+00 0. 0.
    -1.3208519826928805e+01</data></distortion_coefficients>
<avg_reprojection_error>2.5453742869675561e-01</avg_reprojection_error>
<per_view_reprojection_errors type_id="opencv-matrix">
  <rows>40</rows>
  <cols>1</cols>
  <dt>f</dt>
  <data>
    4.34718370e-01 2.76268005e-01 3.62274319e-01 6.20584905e-01
    3.82786870e-01 2.51176625e-01 2.27352262e-01 2.05831110e-01
    2.07354218e-01 2.39311233e-01 2.08662927e-01 1.93003729e-01
    2.38950178e-01 2.22542375e-01 2.72567421e-01 3.12990427e-01
    2.22674310e-01 2.58120269e-01 2.59406805e-01 2.41401210e-01
    2.26742312e-01 2.59535432e-01 2.46728137e-01 2.34205708e-01
    2.07617179e-01 2.29906306e-01 2.18414769e-01 2.14043647e-01
    2.02393323e-01 1.97078377e-01 1.99994698e-01 1.81419924e-01
    1.86396047e-01 1.94133386e-01 1.70479819e-01 1.65960178e-01
    1.57386139e-01 1.56762272e-01 1.49174988e-01 1.64891005e-01</data></per_view_reprojection_errors>
<extrinsic_parameters type_id="opencv-matrix">
  <rows>40</rows>
  <cols>6</cols>
  <dt>d</dt>
  <data>
    -3.8581022587805858e-01 8.3288090968953333e-03
    7.2957158896066066e-01 1.9583992000199085e+01
    -1.0479122061159433e+02 6.0069301683180242e+02
    -4.5109312044157507e-01 -6.9378748567769499e-03
    2.0930836389515750e-01 -9.0497530641338003e+01
    -1.2103039879476879e+02 6.1628567042598092e+02
    -4.0637335372008171e-01 -7.2076679694743715e-03
    1.9720968660533100e-01 -9.3809103842215436e+01
    -1.1938296174508213e+02 6.3567606620911192e+02
    -1.5568978999358180e-01 -1.9096067551869218e-02
    9.5758346846162223e-01 4.2166931912543021e+01
    -1.1204776552146835e+02 7.3935817940033769e+02
    -3.3664817915764927e-01 5.6994907662837817e-02
    9.2748972449490386e-01 -1.7907349122318330e+00
    -6.0637283875222238e+01 8.1642177829850039e+02
    -3.0291346323555823e-01 -1.4683190213932277e-02
    9.5050158774658389e-01 -2.4481404406964945e+01
    -1.7766443231819718e+01 8.6218426944569774e+02
    -3.0455459860779482e-01 -2.3958446072982649e-02
    8.2510904922115491e-01 -6.4392014713436822e+01
    -4.0365238027945459e+01 8.6244927932760606e+02
    -2.4848105987714894e-01 5.3201616128885042e-03
    4.4982083378188698e-01 -3.1189937523036804e+01
    -4.5427411474884998e+01 8.4297900491669884e+02
    -2.5255124422643255e-01 7.5028485112056805e-04
    4.4116881265442831e-01 -3.6060614388176781e+01
    -4.6498434865608345e+01 8.4477870840147420e+02
    -2.5115828202923246e-01 -5.2160335577854378e-03
    4.2956099281560606e-01 -4.2214107932166186e+01
    -4.9328834843111352e+01 8.4589331328232026e+02
    -2.5030980775642803e-01 -1.3085453763737367e-02
    4.2094248953566715e-01 -4.6180680789394351e+01
    -5.0389393763781776e+01 8.4587794489534713e+02
    -2.4481497891863208e-01 -2.5649269972987603e-02
    4.2035704282394715e-01 -5.2275393901287295e+01
    -4.6674815974948977e+01 8.4825311701167584e+02
    -2.6914618093571802e-01 -1.5170369183415864e-02
    4.2659887700374499e-01 -5.3372842159783417e+01
    -4.8747914527246053e+01 8.5580960856218348e+02
    -2.3884475826661875e-01 -1.2606189611848987e-02
    4.5111930455860089e-01 -4.2022762684048040e+01
    -6.2349488338858208e+01 8.5242569156329967e+02
    -2.4615303335151267e-01 -7.6410432211268045e-03
    4.6916016212837808e-01 -2.9555036636838345e+01
    -8.1063430224317997e+01 8.4677516730732839e+02
    -2.0162220593623462e-01 1.0591054840011742e-02
    4.6379067583435879e-01 -3.2133462737285477e+01
    -1.0285732065670531e+02 8.3744556819081981e+02
    -1.7306816176268242e-01 -3.4634347554359114e-03
    4.4472184059158948e-01 -4.2239030753253999e+01
    -1.1518706509910710e+02 8.2905679166635343e+02
    -1.8296253999781142e-01 6.8930841693848888e-03
    4.3341103156599942e-01 -4.8730948888609184e+01
    -1.1740058594376663e+02 8.3168528748813856e+02
    -1.9252188621819083e-01 6.5809297855684611e-03
    4.0128692499309959e-01 -6.9968219619454999e+01
    -1.2494819130957833e+02 8.3172204379831430e+02
    -2.1081043684182590e-01 -4.2928612679397384e-03
    3.8012597739475407e-01 -7.6443840181258750e+01
    -1.3478313920030240e+02 8.2837282619557527e+02
    -2.0372319178503140e-01 -3.0583949864273685e-03
    3.7946779431609978e-01 -7.4732609730871729e+01
    -1.4638858111523902e+02 8.2442606786902047e+02
    -2.0454238921229920e-01 4.6773663683817249e-03
    3.6502212478231211e-01 -7.6675663943672234e+01
    -1.5883264852636668e+02 8.2142929409313058e+02
    -1.9362710686051585e-01 9.8447247410805190e-03
    3.5282856987467864e-01 -7.8889549492870472e+01
    -1.7675297629627391e+02 8.1931611134405932e+02
    -1.8411012063534329e-01 1.2961683592051278e-02
    3.4171442913463390e-01 -8.6758538744972014e+01
    -1.8255866967480435e+02 8.2530402676931794e+02
    -2.0516598223802099e-01 1.0996981212486599e-02
    3.2081194833830584e-01 -1.0182170186693153e+02
    -1.9154897508800241e+02 8.3287951113900738e+02
    -2.0903561866072728e-01 -5.8219825659284966e-03
    3.1150886456989396e-01 -1.0179513526633505e+02
    -1.9555701960226367e+02 8.3163647768429723e+02
    -1.9774717560618729e-01 1.4439746099657005e-02
    3.2377676696382235e-01 -9.4762728048994958e+01
    -2.1290928577822763e+02 8.2640259771987553e+02
    -2.0721059627837260e-01 2.1787447269873451e-02
    2.8399023606557855e-01 -1.2986826649655046e+02
    -2.1252038402144635e+02 8.4163706315142872e+02
    -2.0498650458175127e-01 2.6371585031679780e-02
    2.7525939866323229e-01 -1.3877399599887934e+02
    -2.0844639056044574e+02 8.4281159598917361e+02
    -2.1293559079863048e-01 2.7150954048300792e-02
    2.6567614856945815e-01 -1.4798073258833841e+02
    -2.0053780466715165e+02 8.4424121906233290e+02
    -2.1677769235421093e-01 2.9285822982787795e-02
    2.5039863561094011e-01 -1.6235424027749852e+02
    -1.9543907604914668e+02 8.4278873802667840e+02
    -2.1304027314470461e-01 2.6907260227427503e-02
    2.3858843491253243e-01 -1.7136828796585039e+02
    -1.9241565909390539e+02 8.4126011284970207e+02
    -2.0538341744940106e-01 1.6888318292799506e-02
    2.4592020028380554e-01 -1.7853730457116725e+02
    -1.7472586631430943e+02 8.4510303866726645e+02
    -2.1376944603295292e-01 2.3852485844470354e-03
    2.6487814173416391e-01 -1.7167738040894247e+02
    -1.6139678410492158e+02 8.4810530362655993e+02
    -2.3707903216780021e-01 3.9420422438049985e-03
    2.7927486732512274e-01 -1.6418946876035912e+02
    -1.5208550709114294e+02 8.4836224235560189e+02
    -2.2047047351282167e-01 1.4862613090109177e-02
    2.6254878000567661e-01 -1.7003807763367581e+02
    -1.5182257254442490e+02 8.4309216242109721e+02
    -2.2210809391869790e-01 6.9993485561082227e-03
    2.4835949235013802e-01 -1.7758564069919893e+02
    -1.4914308878869633e+02 8.4431612959470897e+02
    -2.3009057097349370e-01 1.2558783801848663e-02
    2.3399163283698476e-01 -1.8605985266863715e+02
    -1.4708028634816469e+02 8.4528258329216362e+02
    -2.2800609320269005e-01 1.1065493934173621e-02
    2.1526326788897326e-01 -1.9384000096031028e+02
    -1.4584132921439777e+02 8.4526122366661968e+02
    -2.3851232198868672e-01 6.7860565685731048e-03
    1.9988946353460066e-01 -2.0154220398925540e+02
