<?xml version="1.0"?>
<opencv_storage>
<calibration_time>"Wed Nov  9 13:41:56 2016"</calibration_time>
<nr_of_frames>40</nr_of_frames>
<image_width>640</image_width>
<image_height>480</image_height>
<board_width>9</board_width>
<board_height>6</board_height>
<square_size>2.3329999923706055e+01</square_size>
<fix_aspect_ratio>1.</fix_aspect_ratio>
<!-- flags: +fix_aspectRatio +fix_principal_point +zero_tangent_dist -->
<flags>6158</flags>
<fisheye_model>0</fisheye_model>
<camera_matrix type_id="opencv-matrix">
  <rows>3</rows>
  <cols>3</cols>
  <dt>d</dt>
  <data>
    9.5572769253232877e+02 0. 320. 0. 9.5572769253232877e+02 240. 0. 0.
    1.</data></camera_matrix>
<distortion_coefficients type_id="opencv-matrix">
  <rows>5</rows>
  <cols>1</cols>
  <dt>d</dt>
  <data>
    -6.9802763573377405e-02 -1.0363323588500177e+00 0. 0.
    4.1228636804662608e+00</data></distortion_coefficients>
<avg_reprojection_error>2.7497294263564609e-01</avg_reprojection_error>
<per_view_reprojection_errors type_id="opencv-matrix">
  <rows>40</rows>
  <cols>1</cols>
  <dt>f</dt>
  <data>
    1.43849462e-01 2.01892808e-01 2.17243388e-01 2.01724425e-01
    1.98590979e-01 2.43485719e-01 2.27730572e-01 2.11856380e-01
    1.67955980e-01 2.24551752e-01 2.02787578e-01 2.07631677e-01
    2.37279996e-01 2.12280706e-01 2.48857215e-01 4.92080539e-01
    5.08365810e-01 3.89749497e-01 1.54914990e-01 3.80513132e-01
    2.21638322e-01 2.98513681e-01 2.06929624e-01 2.56473333e-01
    2.13903025e-01 1.95784360e-01 6.28969073e-01 3.35919380e-01
    3.00106496e-01 2.16091618e-01 2.46557519e-01 2.16354892e-01
    2.02765286e-01 2.74476856e-01 2.61109740e-01 2.24944532e-01
    2.26204470e-01 2.28909284e-01 2.35005245e-01 2.33270690e-01</data></per_view_reprojection_errors>
<extrinsic_parameters type_id="opencv-matrix">
  <rows>40</rows>
  <cols>6</cols>
  <dt>d</dt>
  <data>
    4.2803122173563066e-02 -3.1853373913719951e-01
    3.0053080928928702e+00 7.5203177372447044e+01
    -2.4222382596012249e+01 6.5171249723033964e+02
    1.0634641986380490e-02 -1.2882937798619867e-01
    3.0145770484504166e+00 9.0164235516071585e+01 4.8794678581044749e+01
    6.5181914882678950e+02 4.0472829382551664e-03
    -1.2958834706557848e-01 3.0246186180070325e+00
    8.4647194696924629e+01 4.7629993390087776e+01 6.5199947361539228e+02
    1.4036080905983208e-02 -1.1990562922112982e-01
    3.0261539058591418e+00 8.5331059575984952e+01 4.9292214330394863e+01
    6.4997806611263979e+02 7.6621344949398609e-03
    -1.1849546623319070e-01 3.0322356272808038e+00
    8.0841406476895088e+01 5.4474616984493444e+01 6.5075383675636829e+02
    2.0625668196877040e-03 -1.1479291941639880e-01
    3.0319909410360206e+00 8.0605821295232019e+01 5.4764916305667306e+01
    6.5116454141631880e+02 -1.9472842615008766e-03
    -1.1827624533096011e-01 3.0350999612816514e+00
    7.9065679544326414e+01 5.4911043811862243e+01 6.5217362881343433e+02
    -1.0324472180161576e-03 -1.1183862047842974e-01
    3.0340493632457228e+00 7.9308880097788531e+01 5.4343988153855349e+01
    6.5220817774419879e+02 6.0658058468689531e-03
    -1.1731255199177011e-01 3.0342640006198369e+00
    7.8574252842313015e+01 5.4310078447489502e+01 6.5221336014035671e+02
    1.1829503809714672e-02 -1.1442711625903181e-01
    3.0225504764024520e+00 9.1084532881001522e+01 5.4965373726845804e+01
    6.4999798797017809e+02 1.6354535928019255e-02
    -1.0877272102666882e-01 3.0159391896325256e+00
    9.7904218493059176e+01 5.3952339996293190e+01 6.4885262714555597e+02
    1.7439656174324001e-02 -1.1450474686578661e-01
    3.0005870410629791e+00 1.1123047717509255e+02 5.1185949465427335e+01
    6.4867201678567824e+02 4.3579699991693217e-03
    -1.1625443538011677e-01 2.9859303469858247e+00
    1.2223316124547654e+02 4.8503861200363595e+01 6.4923154609239543e+02
    -6.1435843629451441e-03 -1.1920640516163852e-01
    2.9810145540753248e+00 1.2440880394939286e+02 4.7063833610372797e+01
    6.5060936296122418e+02 -3.0663056475894210e-02
    -1.3866669947267113e-01 2.9705156244596722e+00
    1.2631953163278375e+02 4.3234544327780554e+01 6.5589135576297690e+02
    -1.7234814564881484e-01 -2.5844191687420720e-01
    2.9540786434319135e+00 1.0117442180205697e+02 2.6699499413943656e+01
    6.8394930313906650e+02 -1.9411179880752008e-01
    -2.8027429141110388e-01 2.9525996741375469e+00
    8.7983682573027437e+01 1.8873207441310218e+01 6.9125213815495943e+02
    -2.8494644464010577e-01 -3.0654293756058570e-01
    3.0077270509062770e+00 8.7926840747812935e+00 1.1396589552020361e+01
    7.0428718138492752e+02 -4.6717570479247690e-02
    -7.3308725034093303e-02 3.1232403900009120e+00
    2.8896105799680306e+01 9.0177174409525406e+01 6.8079546351873807e+02
    7.9881649881841904e-02 -3.7886529889201709e-01
    3.0657371902273041e+00 6.5799223250384031e+01 1.8495651682582455e+01
    7.1425289120284970e+02 1.1951031777137308e-02
    -1.6604958707831058e-01 3.0908432997225801e+00
    6.4642069038228883e+01 3.4472122504845515e+01 5.1399511171542849e+02
    3.4213315349160243e-03 -1.3418722448295534e-01
    3.0964894484134531e+00 6.0413768837869092e+01 3.9371909583956963e+01
    5.1080041095522654e+02 1.6918609197375176e-02
    -1.1858105519715516e-01 3.1006594697823391e+00
    5.8253812682266478e+01 4.0611909754016530e+01 5.0867542528037575e+02
    9.1085266233085996e-03 -1.2194596565344132e-01
    3.1026772526479931e+00 5.6300441043994425e+01 4.1855019158207689e+01
    5.0965468600788233e+02 1.2446845645651943e-02
    -1.2601321242319666e-01 3.1015447026900782e+00
    5.6504208546066792e+01 4.1691931029483179e+01 5.0898440232329318e+02
    1.9342386021981867e-02 -1.1064995877190774e-01
    3.1066552024505394e+00 5.3672203006012452e+01 4.3150969399245632e+01
    5.0668407605331328e+02 -3.0381017538091252e-02
    -6.7042269551413763e-02 3.1353077424513791e+00
    2.4466543090416195e+01 4.2562976686144964e+01 5.0465107140075486e+02
    2.4139659438249240e-02 5.3065608219239953e-02 3.1285554688203767e+00
    1.0671407727281691e+02 1.0713421751733759e+02 4.4361147038570607e+02
    -4.3503409088811773e-01 -2.8407310262046539e-02
    1.2956244425423535e+00 -5.6213223225531635e+01
    -1.8605151253801404e+00 8.8966692968171890e+02
    -3.7016733532597507e-01 1.8824114558983369e-03
    1.2884991383169524e+00 -2.7930251736921033e+01
    -4.8368035951378026e+01 8.7573976575742984e+02
    -3.6114046624690382e-01 -3.4759986852970701e-03
    1.2866580608432752e+00 -3.0096200862350873e+01
    -5.2681623323660773e+01 8.7313835619012548e+02
    -3.6291877130824318e-01 -8.5054008489138192e-03
    1.2766198315447221e+00 -3.7369430322871509e+01
    -5.8340114998306603e+01 8.6949055804467514e+02
    -3.5500250106182385e-01 -4.1787185385682005e-02
    1.2372343539593362e+00 -7.2323525803310105e+01
    -7.5948059395621911e+01 8.5959945057879963e+02
    -3.3788201802235995e-01 -4.3058643444327686e-02
    1.2372766138296687e+00 -7.3179459640614766e+01
    -7.7455582996862546e+01 8.5851383519639069e+02
    -3.3987422914090298e-01 -6.0403753321450024e-02
    1.2336050093628870e+00 -7.5540242948941582e+01
    -8.1397837038297169e+01 8.5586910805521643e+02
    -3.5005639840682568e-01 -5.1900496828249584e-02
    1.2328314470459492e+00 -7.5929622732410934e+01
    -8.0190808540404788e+01 8.5822828029430593e+02
    -3.5333540189124663e-01 -4.9996480464092968e-02
    1.2305701883356797e+00 -7.7221702610947958e+01
    -7.7373517834561184e+01 8.5942777163213202e+02
    -3.6248297008059621e-01 -6.3761085813631713e-02
    1.2391540345004186e+00 -7.5501482681849083e+01
    -6.7406345560981052e+01 8.6039697565677693e+02
    -3.7576912257263823e-01 -5.3202397548316953e-02
    1.2556659026028258e+00 -6.4527232989458057e+01
    -5.7238890241516124e+01 8.6180593880153447e+02
    -3.7120142559980901e-01 -3.7956178445025399e-02
    1.2734705551632195e+00 -5.3953297333853257e+01
    -4.9923945824671932e+01 8.6078340246285507e+02</data></extrinsic_parameters>
